starttime=2021-04-05T06:32:29.742698+02:00
terminationreason=cputime
exitsignal=9
walltime=1802.1799364588223s
cputime=7204.011969869s
cputime-cpu0=1801.228277611s
cputime-cpu1=1801.332950624s
cputime-cpu2=1801.518090977s
cputime-cpu3=1799.932650657s
memory=17481728B
blkio-read=0B
blkio-write=0B
