starttime=2021-04-05T08:02:44.350870+02:00
terminationreason=cputime
exitsignal=9
walltime=1802.1173088881187s
cputime=7204.014224585s
cputime-cpu0=1801.289156518s
cputime-cpu1=1801.452491722s
cputime-cpu2=1801.453126202s
cputime-cpu3=1799.819450143s
memory=17444864B
blkio-read=0B
blkio-write=0B
