starttime=2021-04-06T04:36:08.830137+02:00
terminationreason=cputime
exitsignal=9
walltime=1802.1212391229346s
cputime=7204.012586987s
cputime-cpu0=1801.360312377s
cputime-cpu1=1801.476188039s
cputime-cpu2=1801.408148392s
cputime-cpu3=1799.767938179s
memory=17383424B
blkio-read=0B
blkio-write=0B
