starttime=2021-04-05T16:04:01.979757+02:00
terminationreason=cputime
exitsignal=9
walltime=1802.23344573332s
cputime=7204.004644827s
cputime-cpu0=1800.200180058s
cputime-cpu1=1801.381427846s
cputime-cpu2=1801.253621490s
cputime-cpu3=1801.169415433s
memory=17514496B
blkio-read=0B
blkio-write=0B
