starttime=2021-03-18T02:05:48.714828+01:00
terminationreason=cputime
exitsignal=9
walltime=3602.6520690409234s
cputime=14404.010822459s
cputime-cpu0=3598.776354120s
cputime-cpu1=3601.851550202s
cputime-cpu2=3601.788455799s
cputime-cpu3=3601.594462338s
memory=11628544B
blkio-read=0B
blkio-write=0B
