starttime=2021-03-17T21:05:21.821443+01:00
terminationreason=cputime
exitsignal=9
walltime=3602.655764834024s
cputime=14404.007267043s
cputime-cpu0=3598.755314433s
cputime-cpu1=3601.514478762s
cputime-cpu2=3601.814061901s
cputime-cpu3=3601.923411947s
memory=11366400B
blkio-read=0B
blkio-write=0B
