starttime=2021-03-17T16:04:54.635782+01:00
terminationreason=cputime
exitsignal=9
walltime=3602.6532340559643s
cputime=14404.001396829s
cputime-cpu0=3599.016963653s
cputime-cpu1=3601.452774875s
cputime-cpu2=3601.704860388s
cputime-cpu3=3601.826797913s
memory=11497472B
blkio-read=0B
blkio-write=0B
