starttime=2021-03-18T04:05:59.462241+01:00
terminationreason=cputime
exitsignal=9
walltime=3602.6182029569754s
cputime=14404.011400348s
cputime-cpu0=3598.939619896s
cputime-cpu1=3601.608594051s
cputime-cpu2=3601.753969360s
cputime-cpu3=3601.709217041s
memory=11431936B
blkio-read=0B
blkio-write=0B
