starttime=2021-03-16T08:34:56.221363+01:00
terminationreason=cputime
exitsignal=9
walltime=3602.6232911099214s
cputime=14404.006643885s
cputime-cpu0=3601.737645263s
cputime-cpu1=3601.591056525s
cputime-cpu2=3601.820071026s
cputime-cpu3=3598.857871071s
memory=11362304B
blkio-read=0B
blkio-write=0B
