starttime=2021-03-17T11:04:26.735355+01:00
terminationreason=cputime
exitsignal=9
walltime=3602.7189265539637s
cputime=14404.012111983s
cputime-cpu0=3598.818154985s
cputime-cpu1=3601.889870512s
cputime-cpu2=3601.823050234s
cputime-cpu3=3601.481036252s
memory=11358208B
blkio-read=0B
blkio-write=0B
