starttime=2021-03-25T03:11:50.782065+01:00
terminationreason=memory
exitsignal=9
walltime=273.917015356943s
cputime=9.619836969s
cputime-cpu3=9.619836969s
memory=6442450944B
blkio-read=0B
blkio-write=0B
