starttime=2021-03-25T05:38:39.060092+01:00
terminationreason=memory
exitsignal=9
walltime=273.8735221188981s
cputime=9.573214768s
cputime-cpu0=6.447238770s
cputime-cpu1=3.125892922s
cputime-cpu2=0.000083076s
memory=6442450944B
blkio-read=0B
blkio-write=0B
