starttime=2021-03-25T06:26:00.774162+01:00
terminationreason=memory
exitsignal=9
walltime=273.88570967898704s
cputime=9.590593309s
cputime-cpu2=9.590593309s
memory=6442450944B
blkio-read=0B
blkio-write=0B
