starttime=2021-03-25T04:56:02.002104+01:00
terminationreason=memory
exitsignal=9
walltime=273.9314538880717s
cputime=9.634288226s
cputime-cpu3=9.634288226s
memory=6442450944B
blkio-read=0B
blkio-write=0B
