starttime=2021-03-25T05:29:10.841636+01:00
terminationreason=memory
exitsignal=9
walltime=273.8232842090074s
cputime=9.527339005s
cputime-cpu0=9.527339005s
memory=6442450944B
blkio-read=0B
blkio-write=0B
