starttime=2021-03-25T05:05:30.283618+01:00
terminationreason=memory
exitsignal=9
walltime=273.91422831383534s
cputime=9.618180409s
cputime-cpu0=9.618109579s
cputime-cpu3=0.000070830s
memory=6442450944B
blkio-read=0B
blkio-write=0B
