starttime=2021-03-25T04:03:56.462781+01:00
terminationreason=memory
exitsignal=9
walltime=273.96866149106063s
cputime=9.674671044s
cputime-cpu3=9.674671044s
memory=6442450944B
blkio-read=0B
blkio-write=0B
