starttime=2021-03-25T06:11:48.134947+01:00
terminationreason=memory
exitsignal=9
walltime=273.9448671049904s
cputime=9.650272479s
cputime-cpu2=0.000067162s
cputime-cpu3=9.650205317s
memory=6442450944B
blkio-read=0B
blkio-write=0B
