starttime=2021-03-28T01:52:12.285859+01:00
terminationreason=memory
exitsignal=9
walltime=517.1132900710218s
cputime=26.126653996s
cputime-cpu0=2.103354164s
cputime-cpu1=3.996953813s
cputime-cpu2=5.742175947s
cputime-cpu3=14.284170072s
memory=8589934592B
blkio-read=27505487872B
blkio-write=0B
