starttime=2021-03-16T10:35:06.898894+01:00
terminationreason=cputime
exitsignal=9
walltime=3602.63441164908s
cputime=14404.011122817s
cputime-cpu0=3601.585923146s
cputime-cpu1=3601.659342839s
cputime-cpu2=3601.854915455s
cputime-cpu3=3598.910941377s
memory=11358208B
blkio-read=0B
blkio-write=0B
