starttime=2021-03-26T01:52:01.793248+01:00
terminationreason=memory
exitsignal=9
walltime=228.13574230507948s
cputime=7.887367874s
cputime-cpu1=7.887367874s
memory=5368709120B
blkio-read=0B
blkio-write=0B
