starttime=2021-03-26T01:56:00.135313+01:00
terminationreason=memory
exitsignal=9
walltime=228.12930721696466s
cputime=7.883609137s
cputime-cpu1=7.883609137s
memory=5368709120B
blkio-read=0B
blkio-write=0B
