starttime=2021-03-25T23:44:53.590798+01:00
terminationreason=memory
exitsignal=9
walltime=228.14160098414868s
cputime=7.895637087s
cputime-cpu0=0.009297238s
cputime-cpu1=7.886275142s
cputime-cpu3=0.000064707s
memory=5368709120B
blkio-read=0B
blkio-write=0B
