starttime=2021-03-26T00:32:34.166248+01:00
terminationreason=memory
exitsignal=9
walltime=228.16601916006766s
cputime=7.920716444s
cputime-cpu1=7.920716444s
memory=5368709120B
blkio-read=0B
blkio-write=0B
