starttime=2021-03-25T23:56:48.709467+01:00
terminationreason=memory
exitsignal=9
walltime=228.1788222801406s
cputime=7.931643304s
cputime-cpu0=7.931643304s
memory=5368709120B
blkio-read=0B
blkio-write=0B
