starttime=2021-03-26T01:28:11.562898+01:00
terminationreason=memory
exitsignal=9
walltime=228.1618355899118s
cputime=7.915507579s
cputime-cpu0=0.009205388s
cputime-cpu3=7.906302191s
memory=5368709120B
blkio-read=0B
blkio-write=0B
