starttime=2021-03-08T15:22:41.693544+01:00
terminationreason=cputime
exitsignal=9
walltime=3612.8359165600123s
cputime=3600.291452607s
cputime-cpu0=1038.544477629s
cputime-cpu1=1326.293907300s
cputime-cpu2=409.919665739s
cputime-cpu3=825.533401939s
memory=213434368B
blkio-read=0B
blkio-write=0B
